500 1
500 1
500 1
499 12
500 2
500 1
499 1
500 1
500 1
500 1
500 1
500 1
500 1
500 1
500 1
500 1
500 1
500 1
500 1
500 1
500 1
500 1
500 1
500 1
500 1
500 1
500 1
500 1
500 1
500 1
500 1
500 1
500 1
500 1
500 1
500 1
500 1
500 1
500 1
500 1
500 1
499 4
500 1
500 1
500 1
500 1
500 1
500 1
500 1
500 1
491 1
500 1
500 1
500 1
500 1
500 1
500 1
500 1
500 1
500 1
500 1
500 1
500 1
500 1
499 1
500 1
500 1
499 1
500 1
500 1
499 1
500 1
500 3
500 1
500 1
500 1
500 1
500 1
500 1
500 1
500 1
500 1
499 1
500 1
499 4
500 1
500 1
500 1
500 1
500 1
500 1
500 1
500 1
497 1
490 9
500 1
500 1
500 1
500 1
500 1
500 1
500 1
500 1
500 1
500 1
500 1
500 1
500 1
500 1
500 1
500 1
500 1
500 1
500 1
490 4
500 1
500 1
500 1
500 1
495 1
494 2
500 1
500 1
500 1
499 1
500 1
500 1
500 3
500 1
500 1
500 1
500 1
500 1
500 1
500 1
499 1
500 1
499 1
500 1
500 1
500 2
500 1
500 1
500 1
500 1
500 1
500 1
500 1
500 1
500 1
500 1
500 1
500 1
500 1
500 1
500 1
500 1
500 1
500 3
499 1
500 1
500 1
500 1
500 1
500 1
500 1
500 1
499 1
500 1
500 1
500 1
500 1
500 1
500 4
500 1
500 1
500 1
500 1
500 1
500 1
500 1
500 4
500 1
500 1
500 1
500 1
500 1
500 1
500 1
500 6
500 1
500 1
500 1
500 1
500 1
500 1
500 1
500 1
500 1
500 1
500 1
500 1
500 1
500 1
493 20
500 1
500 1
500 1
500 1
500 1
500 1
500 1
500 8
500 1
500 1
499 2
500 1
500 1
500 1
500 1
500 1
500 1
500 1
500 1
500 1
500 1
500 1
500 1
500 1
500 1
500 1
500 1
500 2
500 1
500 1
500 1
500 1
500 1
500 1
500 1
500 1
500 1
500 1
500 1
500 1
500 1
500 1
500 1
500 1
500 1
500 1
500 1
500 1
500 1
500 1
500 1
500 1
500 1
500 4
500 1
500 1
500 1
500 1
500 1
500 1
500 1
500 1
500 1
500 1
499 2
500 1
500 1
500 1
498 5
500 1
500 1
499 2
500 1
494 7
500 1
500 1
500 1
500 1
495 5
500 3
500 1
500 1
500 1
495 1
500 1
500 1
497 3
500 1
500 1
500 1
500 1
500 1
500 1
500 1
500 1
500 1
500 1
497 2
500 1
500 2
500 1
500 1
500 4
496 1
500 1
500 1
500 1
500 1
500 1
500 1
466 2
500 1
500 1
500 2
500 1
497 1
500 1
500 1
500 1
500 1
500 1
500 1
500 1
500 1
500 1
500 1
500 1
500 1
490 3
500 1
500 1
500 1
500 1
500 1
485 8
500 1
500 1
500 1
500 1
500 1
500 1
500 1
500 1
500 1
500 1
500 1
500 1
500 1
500 1
500 1
500 1
500 1
500 1
500 1
500 1
500 1
499 1
500 1
500 1
500 1
500 1
500 1
500 1
500 1
500 1
500 1
500 1
500 1
500 1
500 6
500 1
498 1
500 1
500 1
489 44
496 1
500 1
500 2
500 1
500 1
500 1
500 1
490 5
500 1
500 1
500 1
500 1
500 1
500 1
500 1
500 1
500 1
500 1
499 1
500 1
500 4
500 1
500 1
500 1
500 1
500 1
500 1
494 23
474 7
499 1
500 1
500 1
499 4
500 1
500 1
500 4
498 2
500 1
500 1
500 1
500 1
500 1
500 1
500 1
500 1
500 1
500 1
500 1
500 1
500 2
500 1
500 1
500 1
500 1
500 1
500 1
500 1
500 1
498 9
500 1
500 1
500 1
500 1
500 1
500 1
500 1
500 1
500 1
500 1
500 1
500 1
499 24
500 1
498 1
500 1
498 2
500 1
500 1
500 1
500 1
500 1
500 1
493 3
500 1
500 1
500 1
500 1
408 157
500 1
500 1
500 1
499 1
500 1
500 1
500 1
499 3
500 3
500 1
500 1
500 1
499 15
500 1
500 1
500 1
500 1
500 1
500 1
500 1
500 1
500 1
500 1
500 1
500 1
500 1
499 1
500 1
499 1
500 1
500 1
500 1
500 1
500 1
500 1
500 1
499 3
500 1
500 1
500 1
500 1
500 1
500 1
500 1
500 1
500 3
500 1
500 1
500 1
500 1
500 1
500 1
500 1
500 1
499 1
499 1
500 1
500 4
500 2
500 1
500 1
500 1
500 1
500 1
500 1
499 50
500 1
500 1
500 1
500 1
500 1
500 1
500 1
473 5
500 1
500 1
500 1
500 1
500 7
500 1
500 1
500 1
500 1
500 1
500 1
500 1
500 1
500 1
500 1
500 1
500 1
500 1
500 1
500 1
500 1
500 1
500 1
500 1
500 1
500 1
500 1
500 1
500 1
500 1
500 1
500 1
500 1
500 1
498 3
500 1
500 1
500 1
500 1
495 1
500 1
500 1
500 1
500 1
500 1
500 1
500 1
500 1
500 1
500 1
474 41
500 1
500 1
497 7
500 1
500 1
500 1
500 1
500 1
500 1
500 1
500 1
500 1
499 1
500 1
500 1
500 1
500 1
500 1
500 1
500 1
500 1
500 1
500 1
500 1
500 1
500 1
500 1
500 1
500 1
500 1
500 1
500 1
500 2
498 6
500 1
499 2
500 1
500 1
500 1
500 1
500 1
500 1
500 1
500 1
500 1
500 1
500 1
500 1
500 1
500 1
500 1
500 1
336 49
500 1
496 1
500 1
500 1
500 1
500 1
500 1
500 1
500 1
500 1
500 4
496 2
500 1
499 1
500 1
500 1
500 1
500 2
500 1
500 1
499 2
500 1
500 1
500 1
500 1
500 1
500 1
500 1
500 1
500 1
500 1
500 1
500 1
500 1
500 1
500 1
500 1
500 1
500 1
500 1
500 1
500 1
500 1
499 2
500 1
494 6
500 1
500 4
500 1
500 1
500 1
500 1
500 1
500 1
499 1
500 1
500 1
499 1
500 1
500 1
500 1
500 1
500 1
491 3
500 1
500 1
500 1
498 17
500 1
500 1
500 1
500 1
500 1
500 1
500 1
500 1
500 1
500 1
500 1
500 1
500 1
498 6
500 1
500 1
500 1
500 1
500 1
500 1
500 1
500 1
500 1
500 1
499 9
500 1
500 1
488 25
500 1
500 1
500 1
470 72
500 1
500 3
500 1
500 1
500 1
500 1
500 1
500 1
500 1
500 1
500 1
500 1
500 1
500 1
500 1
500 1
500 1
500 1
500 1
500 1
500 1
500 1
500 1
500 1
500 1
500 1
500 1
500 1
500 1
500 1
500 1
500 1
500 1
500 1
498 4
500 1
500 1
500 1
500 1
500 1
500 1
500 1
500 1
500 1
500 1
500 1
500 1
500 1
500 1
500 1
500 1
500 1
500 1
496 1
500 1
500 1
500 1
500 1
482 24
500 1
499 1
500 1
500 1
500 1
500 1
500 1
500 1
500 1
500 1
500 1
499 1
500 1
500 1
500 1
500 1
500 1
500 1
497 4
500 1
500 1
500 1
500 1
500 1
500 1
500 1
500 1
500 1
500 1
500 1
500 3
500 1
500 1
500 1
500 1
500 1
500 1
500 3
500 1
500 1
496 3
500 1
500 1
500 1
500 1
499 2
500 1
500 1
500 1
500 1
500 1
500 1
500 1
495 15
500 1
500 1
500 1
500 1
500 2
500 1
500 1
500 2
498 2
500 1
500 1
473 8
500 1
500 1
500 1
500 1
500 1
